WP, 91, 2026011400, 03,  UKX, 000,  79N, 1310E,  22,    0, XX,  34, NEQ, 0000, 0000, 0000, 0000,    0,    0, 156,   0,   0,    ,   0,    , 330,   4,           ,  ,   ,    ,   0,   0,   0,   0,       THERMO PARAMS,   -9999,   -9999,   -9999, U, 10, DT, -999, SHR82,  207, 270, SST,  -99, ARMW,   2,  12
SH, 94, 2026011400, 03,  UKX, 000, 207S, 1598E,  20,    0, XX,  34, NEQ, 0000, 0000, 0000, 0000,    0,    0, 152,   0,   0,    ,   0,    , 158,   3,           ,  ,   ,    ,   0,   0,   0,   0,       THERMO PARAMS,   -9999,   -9999,   -9999, U, 10, DT, -999, SHR82,  121,  12, SST,  -99, ARMW, 121,  15
SH, 14, 2026011400, 03,  UKX, 000, 172S,  776E,  55,    0, XX,  34, NEQ, 0057, 0078, 0076, 0070,    0,    0,  32,   0,   0,    ,   0,    , 305,   3,           ,  ,   ,    ,   0,   0,   0,   0,       THERMO PARAMS,   -9999,   -9999,   -9999, U, 10, DT, -999, SHR82,  175, 152, SST,  -99, ARMW,  29,  46
SH, 14, 2026011400, 03,  UKX, 000, 172S,  776E,  55,    0, XX,  50, NEQ, 0000, 0023, 0037, 0039,    0,    0,  32,   0,   0,    ,   0,    , 305,   3,           ,  ,   ,    ,   0,   0,   0,   0,       THERMO PARAMS,   -9999,   -9999,   -9999, U, 10, DT, -999, SHR82,  175, 152, SST,  -99, ARMW,  29,  46
WP, 91, 2026011400, 03,  UKX, 006,  78N, 1309E,  22,    0, XX,  34, NEQ, 0000, 0000, 0000, 0000,    0,    0, 148,   0,   0,    ,   0,    ,  35,   2,           ,  ,   ,    ,   0,   0,   0,   0,       THERMO PARAMS,   -9999,   -9999,   -9999, U, 10, DT, -999, SHR82,  283, 270, SST,  -99, ARMW, -99, -99
SH, 94, 2026011400, 03,  UKX, 006, 206S, 1601E,  21,    0, XX,  34, NEQ, 0000, 0000, 0000, 0000,    0,    0, 157,   0,   0,    ,   0,    ,  62,   4,           ,  ,   ,    ,   0,   0,   0,   0,       THERMO PARAMS,   -9999,   -9999,   -9999, U, 10, DT, -999, SHR82,  102,   9, SST,  -99, ARMW, 126,  15
SH, 14, 2026011400, 03,  UKX, 006, 172S,  773E,  49,    0, XX,  34, NEQ, 0042, 0074, 0083, 0068,    0,    0,  34,   0,   0,    ,   0,    , 274,   4,           ,  ,   ,    ,   0,   0,   0,   0,       THERMO PARAMS,   -9999,   -9999,   -9999, U, 10, DT, -999, SHR82,  164, 131, SST,  -99, ARMW,  32,  39
WP, 91, 2026011400, 03,  UKX, 012,  85N, 1305E,  23,    0, XX,  34, NEQ, 0000, 0000, 0000, 0000,    0,    0, 146,   0,   0,    ,   0,    , 344,   5,           ,  ,   ,    ,   0,   0,   0,   0,       THERMO PARAMS,   -9999,   -9999,   -9999, U, 10, DT, -999, SHR82,  207, 271, SST,  -99, ARMW, -99, -99
SH, 94, 2026011400, 03,  UKX, 012, 202S, 1603E,  20,    0, XX,  34, NEQ, 0000, 0000, 0000, 0000,    0,    0, 158,   0,   0,    ,   0,    ,  41,   5,           ,  ,   ,    ,   0,   0,   0,   0,       THERMO PARAMS,   -9999,   -9999,   -9999, U, 10, DT, -999, SHR82,   75,  17, SST,  -99, ARMW, -99, -99
SH, 14, 2026011400, 03,  UKX, 012, 173S,  768E,  50,    0, XX,  34, NEQ, 0042, 0117, 0092, 0058,    0,    0,  38,   0,   0,    ,   0,    , 271,   5,           ,  ,   ,    ,   0,   0,   0,   0,       THERMO PARAMS,   -9999,   -9999,   -9999, U, 10, DT, -999, SHR82,  171, 127, SST,  -99, ARMW,  36,  38
WP, 91, 2026011400, 03,  UKX, 018, 103N, 1301E,  29,    0, XX,  34, NEQ, 0000, 0000, 0000, 0000,    0,    0, 135,   0,   0,    ,   0,    , 341,  10,           ,  ,   ,    ,   0,   0,   0,   0,       THERMO PARAMS,   -9999,   -9999,   -9999, U, 10, DT, -999, SHR82,   92, 303, SST,  -99, ARMW, -99, -99
SH, 94, 2026011400, 03,  UKX, 018, 198S, 1604E,  20,    0, XX,  34, NEQ, 0000, 0000, 0000, 0000,    0,    0, 156,   0,   0,    ,   0,    ,  35,   5,           ,  ,   ,    ,   0,   0,   0,   0,       THERMO PARAMS,   -9999,   -9999,   -9999, U, 10, DT, -999, SHR82,   27,   5, SST,  -99, ARMW, 141,  15
SH, 14, 2026011400, 03,  UKX, 018, 174S,  760E,  50,    0, XX,  34, NEQ, 0028, 0099, 0100, 0065,    0,    0,  38,   0,   0,    ,   0,    , 262,   7,           ,  ,   ,    ,   0,   0,   0,   0,       THERMO PARAMS,   -9999,   -9999,   -9999, U, 10, DT, -999, SHR82,  161,  99, SST,  -99, ARMW,  34,  37
WP, 91, 2026011400, 03,  UKX, 024, 105N, 1297E,  30,    0, XX,  34, NEQ, 0000, 0000, 0000, 0000,    0,    0, 150,   0,   0,    ,   0,    , 304,   4,           ,  ,   ,    ,   0,   0,   0,   0,       THERMO PARAMS,   -9999,   -9999,   -9999, U, 10, DT, -999, SHR82,  161, 282, SST,  -99, ARMW, -99, -99
SH, 94, 2026011400, 03,  UKX, 024, 193S, 1607E,  19,    0, XX,  34, NEQ, 0000, 0000, 0000, 0000,    0,    0,  96,   0,   0,    ,   0,    ,  39,   5,           ,  ,   ,    ,   0,   0,   0,   0,       THERMO PARAMS,   -9999,   -9999,   -9999, U, 10, DT, -999, SHR82,   10, 177, SST,  -99, ARMW, -99, -99
SH, 14, 2026011400, 03,  UKX, 024, 175S,  753E,  52,    0, XX,  34, NEQ, 0037, 0081, 0094, 0066,    0,    0,  33,   0,   0,    ,   0,    , 268,   7,           ,  ,   ,    ,   0,   0,   0,   0,       THERMO PARAMS,   -9999,   -9999,   -9999, U, 10, DT, -999, SHR82,  147, 104, SST,  -99, ARMW,  32,  39
SH, 14, 2026011400, 03,  UKX, 024, 175S,  753E,  52,    0, XX,  50, NEQ, 0000, 0000, 0036, 0000,    0,    0,  33,   0,   0,    ,   0,    , 268,   7,           ,  ,   ,    ,   0,   0,   0,   0,       THERMO PARAMS,   -9999,   -9999,   -9999, U, 10, DT, -999, SHR82,  147, 104, SST,  -99, ARMW,  32,  39
WP, 91, 2026011400, 03,  UKX, 030, 105N, 1296E,  26,    0, XX,  34, NEQ, 0000, 0000, 0000, 0000,    0,    0, 148,   0,   0,    ,   0,    ,   4,   1,           ,  ,   ,    ,   0,   0,   0,   0,       THERMO PARAMS,   -9999,   -9999,   -9999, U, 10, DT, -999, SHR82,  200, 283, SST,  -99, ARMW, -99, -99
SH, 94, 2026011400, 03,  UKX, 030, 187S, 1609E,  21,    0, XX,  34, NEQ, 0000, 0000, 0000, 0000,    0,    0, 133,   0,   0,    ,   0,    ,  23,   7,           ,  ,   ,    ,   0,   0,   0,   0,       THERMO PARAMS,   -9999,   -9999,   -9999, U, 10, DT, -999, SHR82,   87, 154, SST,  -99, ARMW, 130,  15
SH, 14, 2026011400, 03,  UKX, 030, 174S,  744E,  52,    0, XX,  34, NEQ, 0034, 0096, 0099, 0063,    0,    0,  32,   0,   0,    ,   0,    , 273,   7,           ,  ,   ,    ,   0,   0,   0,   0,       THERMO PARAMS,   -9999,   -9999,   -9999, U, 10, DT, -999, SHR82,  167, 103, SST,  -99, ARMW,  32,  39
SH, 14, 2026011400, 03,  UKX, 030, 174S,  744E,  52,    0, XX,  50, NEQ, 0000, 0000, 0034, 0000,    0,    0,  32,   0,   0,    ,   0,    , 273,   7,           ,  ,   ,    ,   0,   0,   0,   0,       THERMO PARAMS,   -9999,   -9999,   -9999, U, 10, DT, -999, SHR82,  167, 103, SST,  -99, ARMW,  32,  39
WP, 91, 2026011400, 03,  UKX, 036, 106N, 1291E,  26,    0, XX,  34, NEQ, 0000, 0000, 0000, 0000,    0,    0, 139,   0,   0,    ,   0,    , 277,   3,           ,  ,   ,    ,   0,   0,   0,   0,       THERMO PARAMS,   -9999,   -9999,   -9999, U, 10, DT, -999, SHR82,  242, 288, SST,  -99, ARMW, 155,  22
SH, 94, 2026011400, 03,  UKX, 036, 180S, 1609E,  22,    0, XX,  34, NEQ, 0000, 0000, 0000, 0000,    0,    0, 134,   0,   0,    ,   0,    ,   5,   5,           ,  ,   ,    ,   0,   0,   0,   0,       THERMO PARAMS,   -9999,   -9999,   -9999, U, 10, DT, -999, SHR82,   47, 122, SST,  -99, ARMW, -99, -99
SH, 14, 2026011400, 03,  UKX, 036, 173S,  737E,  51,    0, XX,  34, NEQ, 0034, 0086, 0099, 0063,    0,    0,  29,   0,   0,    ,   0,    , 282,   7,           ,  ,   ,    ,   0,   0,   0,   0,       THERMO PARAMS,   -9999,   -9999,   -9999, U, 10, DT, -999, SHR82,  195, 113, SST,  -99, ARMW,  32,  38
SH, 14, 2026011400, 03,  UKX, 036, 173S,  737E,  51,    0, XX,  50, NEQ, 0000, 0000, 0031, 0000,    0,    0,  29,   0,   0,    ,   0,    , 282,   7,           ,  ,   ,    ,   0,   0,   0,   0,       THERMO PARAMS,   -9999,   -9999,   -9999, U, 10, DT, -999, SHR82,  195, 113, SST,  -99, ARMW,  32,  38
WP, 91, 2026011400, 03,  UKX, 042, 111N, 1292E,  27,    0, XX,  34, NEQ, 0000, 0000, 0000, 0000,    0,    0, 125,   0,   0,    ,   0,    , 346,   3,           ,  ,   ,    ,   0,   0,   0,   0,       THERMO PARAMS,   -9999,   -9999,   -9999, U, 10, DT, -999, SHR82,  208, 282, SST,  -99, ARMW, 142,  23
SH, 94, 2026011400, 03,  UKX, 042, 176S, 1610E,  20,    0, XX,  34, NEQ, 0000, 0000, 0000, 0000,    0,    0,  90,   0,   0,    ,   0,    ,  23,   4,           ,  ,   ,    ,   0,   0,   0,   0,       THERMO PARAMS,   -9999,   -9999,   -9999, U, 10, DT, -999, SHR82,   25, 160, SST,  -99, ARMW, -99, -99
SH, 14, 2026011400, 03,  UKX, 042, 170S,  729E,  47,    0, XX,  34, NEQ, 0000, 0078, 0087, 0063,    0,    0,  34,   0,   0,    ,   0,    , 282,   9,           ,  ,   ,    ,   0,   0,   0,   0,       THERMO PARAMS,   -9999,   -9999,   -9999, U, 10, DT, -999, SHR82,  181, 101, SST,  -99, ARMW,  37,  35
WP, 91, 2026011400, 03,  UKX, 048, 114N, 1285E,  29,    0, XX,  34, NEQ, 0000, 0000, 0000, 0000,    0,    0, 159,   0,   0,    ,   0,    , 299,   6,           ,  ,   ,    ,   0,   0,   0,   0,       THERMO PARAMS,   -9999,   -9999,   -9999, U, 10, DT, -999, SHR82,  173, 273, SST,  -99, ARMW, 134,  23
SH, 94, 2026011400, 03,  UKX, 048, 172S, 1611E,  20,    0, XX,  34, NEQ, 0000, 0000, 0000, 0000,    0,    0,  87,   0,   0,    ,   0,    ,  37,   3,           ,  ,   ,    ,   0,   0,   0,   0,       THERMO PARAMS,   -9999,   -9999,   -9999, U, 10, DT, -999, SHR82,    3, 201, SST,  -99, ARMW, 172,  14
SH, 14, 2026011400, 03,  UKX, 048, 168S,  721E,  43,    0, XX,  34, NEQ, 0000, 0081, 0079, 0000,    0,    0,  32,   0,   0,    ,   0,    , 282,   8,           ,  ,   ,    ,   0,   0,   0,   0,       THERMO PARAMS,   -9999,   -9999,   -9999, U, 10, DT, -999, SHR82,  166,  96, SST,  -99, ARMW,  36,  33
WP, 91, 2026011400, 03,  UKX, 054, 115N, 1280E,  27,    0, XX,  34, NEQ, 0000, 0000, 0000, 0000,    0,    0,  99,   0,   0,    ,   0,    , 306,   3,           ,  ,   ,    ,   0,   0,   0,   0,       THERMO PARAMS,   -9999,   -9999,   -9999, U, 10, DT, -999, SHR82,  200, 285, SST,  -99, ARMW, 121,  23
SH, 94, 2026011400, 03,  UKX, 054, 171S, 1613E,  21,    0, XX,  34, NEQ, 0000, 0000, 0000, 0000,    0,    0, 154,   0,   0,    ,   0,    ,  55,   3,           ,  ,   ,    ,   0,   0,   0,   0,       THERMO PARAMS,   -9999,   -9999,   -9999, U, 10, DT, -999, SHR82,   11, 248, SST,  -99, ARMW, -99, -99
SH, 14, 2026011400, 03,  UKX, 054, 166S,  711E,  41,    0, XX,  34, NEQ, 0000, 0089, 0086, 0000,    0,    0,  37,   0,   0,    ,   0,    , 273,   8,           ,  ,   ,    ,   0,   0,   0,   0,       THERMO PARAMS,   -9999,   -9999,   -9999, U, 10, DT, -999, SHR82,  155,  95, SST,  -99, ARMW,  42,  31
WP, 91, 2026011400, 03,  UKX, 060, 118N, 1279E,  27,    0, XX,  34, NEQ, 0000, 0000, 0000, 0000,    0,    0, 161,   0,   0,    ,   0,    , 332,   3,           ,  ,   ,    ,   0,   0,   0,   0,       THERMO PARAMS,   -9999,   -9999,   -9999, U, 10, DT, -999, SHR82,  178, 284, SST,  -99, ARMW, 123,  22
SH, 94, 2026011400, 03,  UKX, 060, 169S, 1613E,  22,    0, XX,  34, NEQ, 0000, 0000, 0000, 0000,    0,    0, 161,   0,   0,    ,   0,    , 357,   1,           ,  ,   ,    ,   0,   0,   0,   0,       THERMO PARAMS,   -9999,   -9999,   -9999, U, 10, DT, -999, SHR82,   11, 257, SST,  -99, ARMW, -99, -99
SH, 14, 2026011400, 03,  UKX, 060, 166S,  703E,  40,    0, XX,  34, NEQ, 0000, 0094, 0083, 0000,    0,    0,  40,   0,   0,    ,   0,    , 273,   7,           ,  ,   ,    ,   0,   0,   0,   0,       THERMO PARAMS,   -9999,   -9999,   -9999, U, 10, DT, -999, SHR82,  149, 117, SST,  -99, ARMW,  45,  30
WP, 91, 2026011400, 03,  UKX, 066, 125N, 1272E,  29,    0, XX,  34, NEQ, 0000, 0000, 0000, 0000,    0,    0, 157,   0,   0,    ,   0,    , 313,   7,           ,  ,   ,    ,   0,   0,   0,   0,       THERMO PARAMS,   -9999,   -9999,   -9999, U, 10, DT, -999, SHR82,   84, 282, SST,  -99, ARMW, 138,  22
SH, 94, 2026011400, 03,  UKX, 066, 169S, 1610E,  20,    0, XX,  34, NEQ, 0000, 0000, 0000, 0000,    0,    0, 122,   0,   0,    ,   0,    , 291,   1,           ,  ,   ,    ,   0,   0,   0,   0,       THERMO PARAMS,   -9999,   -9999,   -9999, U, 10, DT, -999, SHR82,   28, 185, SST,  -99, ARMW, -99, -99
SH, 14, 2026011400, 03,  UKX, 066, 166S,  695E,  38,    0, XX,  34, NEQ, 0000, 0094, 0086, 0000,    0,    0,  41,   0,   0,    ,   0,    , 266,   7,           ,  ,   ,    ,   0,   0,   0,   0,       THERMO PARAMS,   -9999,   -9999,   -9999, U, 10, DT, -999, SHR82,  153, 120, SST,  -99, ARMW,  52,  29
WP, 91, 2026011400, 03,  UKX, 072, 130N, 1264E,  30,    0, XX,  34, NEQ, 0000, 0000, 0000, 0000,    0,    0, 155,   0,   0,    ,   0,    , 311,   7,           ,  ,   ,    ,   0,   0,   0,   0,       THERMO PARAMS,   -9999,   -9999,   -9999, U, 10, DT, -999, SHR82,   89, 281, SST,  -99, ARMW, -99, -99
SH, 94, 2026011400, 03,  UKX, 072, 168S, 1605E,  20,    0, XX,  34, NEQ, 0000, 0000, 0000, 0000,    0,    0, 151,   0,   0,    ,   0,    , 277,   2,           ,  ,   ,    ,   0,   0,   0,   0,       THERMO PARAMS,   -9999,   -9999,   -9999, U, 10, DT, -999, SHR82,   17, 219, SST,  -99, ARMW, -99, -99
SH, 14, 2026011400, 03,  UKX, 072, 167S,  687E,  37,    0, XX,  34, NEQ, 0000, 0065, 0076, 0000,    0,    0,  48,   0,   0,    ,   0,    , 259,   6,           ,  ,   ,    ,   0,   0,   0,   0,       THERMO PARAMS,   -9999,   -9999,   -9999, U, 10, DT, -999, SHR82,  142, 117, SST,  -99, ARMW,  55,  28
WP, 91, 2026011400, 03,  UKX, 084, 137N, 1261E,  30,    0, XX,  34, NEQ, 0000, 0000, 0000, 0000,    0,    0, 147,   0,   0,    ,   0,    , 358,   4,           ,  ,   ,    ,   0,   0,   0,   0,       THERMO PARAMS,   -9999,   -9999,   -9999, U, 10, DT, -999, SHR82,   89, 300, SST,  -99, ARMW, 102,  21
SH, 94, 2026011400, 03,  UKX, 084, 161S, 1592E,  23,    0, XX,  34, NEQ, 0000, 0000, 0000, 0000,    0,    0, 129,   0,   0,    ,   0,    , 296,   4,           ,  ,   ,    ,   0,   0,   0,   0,       THERMO PARAMS,   -9999,   -9999,   -9999, U, 10, DT, -999, SHR82,   72, 244, SST,  -99, ARMW, 134,  18
SH, 14, 2026011400, 03,  UKX, 084, 170S,  676E,  33,    0, XX,  34, NEQ, 0000, 0000, 0000, 0000,    0,    0,  50,   0,   0,    ,   0,    , 254,   3,           ,  ,   ,    ,   0,   0,   0,   0,       THERMO PARAMS,   -9999,   -9999,   -9999, U, 10, DT, -999, SHR82,  109, 134, SST,  -99, ARMW,  60,  26
WP, 91, 2026011400, 03,  UKX, 096, 152N, 1259E,  30,    0, XX,  34, NEQ, 0000, 0000, 0000, 0000,    0,    0, 153,   0,   0,    ,   0,    ,   5,   7,           ,  ,   ,    ,   0,   0,   0,   0,       THERMO PARAMS,   -9999,   -9999,   -9999, U, 10, DT, -999, SHR82,   56, 242, SST,  -99, ARMW, 134,  23
SH, 94, 2026011400, 03,  UKX, 096, 152S, 1589E,  31,    0, XX,  34, NEQ, 0000, 0000, 0000, 0000,    0,    0,  69,   0,   0,    ,   0,    ,  53,   3,           ,  ,   ,    ,   0,   0,   0,   0,       THERMO PARAMS,   -9999,   -9999,   -9999, U, 10, DT, -999, SHR82,  153, 256, SST,  -99, ARMW, 100,  21
SH, 14, 2026011400, 03,  UKX, 096, 176S,  671E,  33,    0, XX,  34, NEQ, 0000, 0000, 0000, 0000,    0,    0,  90,   0,   0,    ,   0,    , 226,   3,           ,  ,   ,    ,   0,   0,   0,   0,       THERMO PARAMS,   -9999,   -9999,   -9999, U, 10, DT, -999, SHR82,  108, 123, SST,  -99, ARMW,  70,  25
WP, 91, 2026011400, 03,  UKX, 108, 166N, 1269E,  33,    0, XX,  34, NEQ, 0000, 0000, 0000, 0000,    0,    0, 130,   0,   0,    ,   0,    ,  46,   8,           ,  ,   ,    ,   0,   0,   0,   0,       THERMO PARAMS,   -9999,   -9999,   -9999, U, 10, DT, -999, SHR82,   55, 313, SST,  -99, ARMW, 165,  24
SH, 94, 2026011400, 03,  UKX, 108, 152S, 1592E,  34,    0, XX,  34, NEQ, 0000, 0000, 0000, 0000,    0,    0,  88,   0,   0,    ,   0,    , 110,   4,           ,  ,   ,    ,   0,   0,   0,   0,       THERMO PARAMS,   -9999,   -9999,   -9999, U, 10, DT, -999, SHR82,  139, 263, SST,  -99, ARMW, 100,  23
SH, 14, 2026011400, 03,  UKX, 108, 181S,  664E,  36,    0, XX,  34, NEQ, 0000, 0065, 0074, 0000,    0,    0,  46,   0,   0,    ,   0,    , 251,   2,           ,  ,   ,    ,   0,   0,   0,   0,       THERMO PARAMS,   -9999,   -9999,   -9999, U, 10, DT, -999, SHR82,  121, 153, SST,  -99, ARMW,  66,  26
WP, 91, 2026011400, 03,  UKX, 120, 185N, 1285E,  35,    0, XX,  34, NEQ, 0165, 0000, 0000, 0125,    0,    0, 108,   0,   0,    ,   0,    ,  47,  11,           ,  ,   ,    ,   0,   0,   0,   0,       THERMO PARAMS,   -9999,   -9999,   -9999, U, 10, DT, -999, SHR82,  197,  52, SST,  -99, ARMW, -99, -99
SH, 94, 2026011400, 03,  UKX, 120, 160S, 1598E,  30,    0, XX,  34, NEQ, 0000, 0000, 0000, 0000,    0,    0, 131,   0,   0,    ,   0,    , 144,   7,           ,  ,   ,    ,   0,   0,   0,   0,       THERMO PARAMS,   -9999,   -9999,   -9999, U, 10, DT, -999, SHR82,  104, 295, SST,  -99, ARMW, 115,  23
SH, 14, 2026011400, 03,  UKX, 120, 182S,  656E,  33,    0, XX,  34, NEQ, 0000, 0000, 0000, 0000,    0,    0,  74,   0,   0,    ,   0,    , 257,   3,           ,  ,   ,    ,   0,   0,   0,   0,       THERMO PARAMS,   -9999,   -9999,   -9999, U, 10, DT, -999, SHR82,  141, 121, SST,  -99, ARMW,  84,  24
WP, 91, 2026011400, 03,  UKX, 126, 191N, 1297E,  38,    0, XX,  34, NEQ, 0149, 0000, 0130, 0136,    0,    0,  88,   0,   0,    ,   0,    ,  66,  13,           ,  ,   ,    ,   0,   0,   0,   0,       THERMO PARAMS,   -9999,   -9999,   -9999, U, 10, DT, -999, SHR82,  213,  56, SST,  -99, ARMW,  92,  27
SH, 94, 2026011400, 03,  UKX, 126, 168S, 1598E,  27,    0, XX,  34, NEQ, 0000, 0000, 0000, 0000,    0,    0, 114,   0,   0,    ,   0,    , 165,   8,           ,  ,   ,    ,   0,   0,   0,   0,       THERMO PARAMS,   -9999,   -9999,   -9999, U, 10, DT, -999, SHR82,   58, 310, SST,  -99, ARMW, 118,  22
SH, 14, 2026011400, 03,  UKX, 126, 187S,  647E,  32,    0, XX,  34, NEQ, 0000, 0000, 0000, 0000,    0,    0,  64,   0,   0,    ,   0,    , 243,   8,           ,  ,   ,    ,   0,   0,   0,   0,       THERMO PARAMS,   -9999,   -9999,   -9999, U, 10, DT, -999, SHR82,  161, 114, SST,  -99, ARMW,  94,  24
WP, 91, 2026011400, 03,  UKX, 132, 196N, 1312E,  36,    0, XX,  34, NEQ, 0235, 0000, 0146, 0113,    0,    0, 156,   0,   0,    ,   0,    ,  72,  13,           ,  ,   ,    ,   0,   0,   0,   0,       THERMO PARAMS,   -9999,   -9999,   -9999, U, 10, DT, -999, SHR82,  279,  73, SST,  -99, ARMW, 121,  25
SH, 94, 2026011400, 03,  UKX, 132, 174S, 1594E,  27,    0, XX,  34, NEQ, 0000, 0000, 0000, 0000,    0,    0, 116,   0,   0,    ,   0,    , 193,   7,           ,  ,   ,    ,   0,   0,   0,   0,       THERMO PARAMS,   -9999,   -9999,   -9999, U, 10, DT, -999, SHR82,   22,   6, SST,  -99, ARMW, 126,  22
SH, 14, 2026011400, 03,  UKX, 132, 189S,  636E,  35,    0, XX,  34, NEQ, 0000, 0087, 0000, 0000,    0,    0,  58,   0,   0,    ,   0,    , 260,   8,           ,  ,   ,    ,   0,   0,   0,   0,       THERMO PARAMS,   -9999,   -9999,   -9999, U, 10, DT, -999, SHR82,  168, 115, SST,  -99, ARMW,  84,  23
WP, 91, 2026011400, 03,  UKX, 138, 204N, 1330E,  41,    0, XX,  34, NEQ, 0157, 0000, 0199, 0100,    0,    0, 120,   0,   0,    ,   0,    ,  65,  15,           ,  ,   ,    ,   0,   0,   0,   0,       THERMO PARAMS,   -9999,   -9999,   -9999, U, 10, DT, -999, SHR82,  342,  90, SST,  -99, ARMW,   2,  33
SH, 94, 2026011400, 03,  UKX, 138, 179S, 1588E,  26,    0, XX,  34, NEQ, 0000, 0000, 0000, 0000,    0,    0, 130,   0,   0,    ,   0,    , 207,   6,           ,  ,   ,    ,   0,   0,   0,   0,       THERMO PARAMS,   -9999,   -9999,   -9999, U, 10, DT, -999, SHR82,   42, 181, SST,  -99, ARMW, 126,  21
SH, 14, 2026011400, 03,  UKX, 138, 191S,  624E,  33,    0, XX,  34, NEQ, 0000, 0000, 0000, 0000,    0,    0,  84,   0,   0,    ,   0,    , 253,  10,           ,  ,   ,    ,   0,   0,   0,   0,       THERMO PARAMS,   -9999,   -9999,   -9999, U, 10, DT, -999, SHR82,  240,  97, SST,  -99, ARMW,  84,  23
WP, 91, 2026011400, 03,  UKX, 144, 211N, 1344E,  38,    0, XX,  34, NEQ, 0133, 0000, 0000, 0000,    0,    0,  23,   0,   0,    ,   0,    , -99, -99,           ,  ,   ,    ,   0,   0,   0,   0,       THERMO PARAMS,   -9999,   -9999,   -9999, U, 10, DT, -999, SHR82,  383,  98, SST,  -99, ARMW,   5,  34
SH, 94, 2026011400, 03,  UKX, 144, 181S, 1580E,  26,    0, XX,  34, NEQ, 0000, 0000, 0000, 0000,    0,    0, 143,   0,   0,    ,   0,    , -99, -99,           ,  ,   ,    ,   0,   0,   0,   0,       THERMO PARAMS,   -9999,   -9999,   -9999, U, 10, DT, -999, SHR82,   84, 175, SST,  -99, ARMW, -99, -99
SH, 14, 2026011400, 03,  UKX, 144, 198S,  611E,  32,    0, XX,  34, NEQ, 0000, 0000, 0000, 0000,    0,    0,  85,   0,   0,    ,   0,    , -99, -99,           ,  ,   ,    ,   0,   0,   0,   0,       THERMO PARAMS,   -9999,   -9999,   -9999, U, 10, DT, -999, SHR82,  262,  82, SST,  -99, ARMW,  89,  22
